h,s,v
108.0,147.0,111.0
107.0,157.0,112.0
110.0,145.0,114.0
110.0,119.0,120.0
107.0,126.0,125.0
106.0,136.0,126.0
108.0,137.0,130.0
108.0,142.0,129.0
108.0,161.0,130.0
105.0,160.0,129.0
107.0,159.0,130.0
107.0,162.0,132.0
107.0,161.0,133.0
108.0,168.0,129.0
110.0,160.0,126.0
110.0,153.0,122.0
108.0,155.0,120.0
109.0,150.0,121.0
108.0,153.0,122.0
109.0,148.0,119.0
108.0,165.0,119.0
106.0,165.0,116.0
108.0,141.0,116.0
111.0,122.0,119.0
108.0,131.0,125.0
107.0,137.0,127.0
108.0,140.0,133.0
108.0,139.0,130.0
108.0,145.0,132.0
107.0,151.0,133.0
107.0,154.0,131.0
106.0,159.0,136.0
107.0,162.0,135.0
108.0,153.0,128.0
107.0,154.0,126.0
108.0,155.0,127.0
109.0,153.0,127.0
109.0,151.0,125.0
108.0,149.0,123.0
106.0,153.0,122.0
108.0,169.0,116.0
106.0,163.0,117.0
108.0,138.0,118.0
111.0,119.0,122.0
108.0,131.0,125.0
107.0,135.0,128.0
108.0,140.0,133.0
108.0,138.0,131.0
108.0,145.0,132.0
107.0,154.0,131.0
107.0,154.0,131.0
106.0,164.0,132.0
107.0,162.0,135.0
108.0,147.0,134.0
107.0,146.0,133.0
108.0,148.0,133.0
109.0,147.0,132.0
109.0,144.0,131.0
108.0,143.0,128.0
106.0,149.0,125.0
108.0,159.0,120.0
108.0,153.0,122.0
108.0,148.0,121.0
107.0,150.0,129.0
108.0,150.0,133.0
107.0,144.0,131.0
108.0,141.0,134.0
108.0,135.0,132.0
109.0,137.0,132.0
109.0,139.0,127.0
107.0,147.0,128.0
106.0,153.0,130.0
109.0,151.0,135.0
106.0,146.0,133.0
110.0,144.0,138.0
109.0,140.0,135.0
107.0,135.0,130.0
107.0,137.0,132.0
108.0,141.0,130.0
108.0,145.0,130.0
108.0,159.0,120.0
108.0,155.0,120.0
108.0,149.0,120.0
107.0,156.0,124.0
108.0,154.0,129.0
107.0,145.0,130.0
108.0,144.0,131.0
108.0,136.0,131.0
109.0,136.0,133.0
109.0,134.0,131.0
107.0,144.0,131.0
106.0,151.0,132.0
109.0,152.0,134.0
106.0,144.0,135.0
110.0,143.0,139.0
109.0,138.0,137.0
107.0,130.0,135.0
107.0,133.0,136.0
108.0,134.0,137.0
108.0,143.0,132.0
108.0,156.0,121.0
111.0,149.0,120.0
105.0,139.0,117.0
107.0,135.0,123.0
108.0,138.0,129.0
108.0,138.0,129.0
108.0,133.0,130.0
108.0,131.0,132.0
108.0,136.0,131.0
108.0,139.0,132.0
108.0,141.0,134.0
108.0,137.0,134.0
106.0,144.0,135.0
106.0,150.0,139.0
111.0,146.0,143.0
109.0,136.0,139.0
109.0,130.0,135.0
109.0,130.0,139.0
109.0,136.0,142.0
108.0,137.0,136.0
108.0,152.0,124.0
111.0,145.0,123.0
105.0,134.0,122.0
107.0,129.0,128.0
108.0,134.0,133.0
108.0,135.0,132.0
108.0,131.0,132.0
108.0,130.0,133.0
108.0,133.0,134.0
108.0,137.0,134.0
108.0,140.0,135.0
108.0,136.0,135.0
106.0,143.0,136.0
106.0,152.0,138.0
111.0,147.0,142.0
109.0,135.0,140.0
109.0,128.0,137.0
109.0,129.0,140.0
109.0,136.0,142.0
108.0,133.0,140.0
110.0,153.0,130.0
110.0,146.0,126.0
109.0,131.0,130.0
109.0,119.0,129.0
107.0,121.0,131.0
106.0,128.0,134.0
107.0,128.0,132.0
108.0,129.0,134.0
108.0,134.0,135.0
108.0,133.0,136.0
108.0,131.0,136.0
107.0,123.0,137.0
108.0,131.0,138.0
108.0,140.0,140.0
108.0,140.0,142.0
107.0,142.0,142.0
108.0,135.0,142.0
108.0,135.0,145.0
108.0,137.0,145.0
108.0,143.0,146.0
110.0,152.0,131.0
110.0,141.0,130.0
109.0,130.0,131.0
109.0,117.0,131.0
107.0,118.0,134.0
106.0,128.0,134.0
107.0,126.0,134.0
108.0,128.0,135.0
108.0,132.0,137.0
108.0,132.0,137.0
108.0,130.0,137.0
107.0,122.0,138.0
108.0,130.0,139.0
108.0,139.0,141.0
108.0,142.0,140.0
107.0,142.0,142.0
108.0,135.0,142.0
108.0,138.0,142.0
108.0,138.0,144.0
108.0,148.0,141.0
107.0,148.0,131.0
108.0,143.0,134.0
110.0,137.0,136.0
109.0,124.0,136.0
108.0,128.0,135.0
108.0,131.0,136.0
110.0,134.0,143.0
108.0,131.0,140.0
107.0,129.0,136.0
108.0,133.0,138.0
110.0,136.0,146.0
109.0,135.0,144.0
109.0,136.0,143.0
108.0,134.0,141.0
108.0,132.0,139.0
107.0,138.0,140.0
108.0,135.0,140.0
108.0,134.0,141.0
107.0,144.0,142.0
110.0,144.0,138.0
107.0,145.0,134.0
108.0,142.0,135.0
110.0,136.0,137.0
109.0,122.0,138.0
108.0,126.0,138.0
108.0,129.0,138.0
110.0,138.0,139.0
108.0,134.0,137.0
107.0,130.0,135.0
108.0,133.0,138.0
110.0,140.0,142.0
109.0,137.0,141.0
109.0,136.0,142.0
108.0,134.0,141.0
108.0,132.0,139.0
107.0,138.0,140.0
108.0,135.0,140.0
108.0,134.0,141.0
107.0,145.0,141.0
110.0,143.0,139.0
107.0,136.0,133.0
106.0,141.0,136.0
110.0,144.0,143.0
107.0,143.0,143.0
108.0,140.0,146.0
106.0,136.0,143.0
109.0,129.0,140.0
111.0,120.0,132.0
108.0,133.0,138.0
107.0,141.0,141.0
108.0,142.0,144.0
108.0,135.0,142.0
107.0,136.0,139.0
108.0,138.0,142.0
108.0,140.0,142.0
110.0,140.0,140.0
110.0,139.0,141.0
110.0,139.0,141.0
110.0,139.0,138.0
110.0,134.0,137.0
107.0,133.0,136.0
106.0,138.0,139.0
110.0,144.0,143.0
107.0,143.0,143.0
108.0,143.0,143.0
106.0,136.0,142.0
109.0,127.0,142.0
111.0,113.0,140.0
108.0,131.0,140.0
107.0,141.0,141.0
108.0,144.0,142.0
108.0,134.0,143.0
107.0,133.0,142.0
108.0,138.0,142.0
108.0,140.0,142.0
110.0,138.0,142.0
110.0,139.0,141.0
110.0,138.0,142.0
110.0,135.0,142.0
110.0,129.0,142.0
108.0,132.0,141.0
107.0,137.0,147.0
108.0,139.0,150.0
106.0,131.0,142.0
107.0,128.0,141.0
108.0,128.0,141.0
107.0,139.0,143.0
106.0,148.0,145.0
110.0,156.0,157.0
108.0,137.0,143.0
107.0,136.0,142.0
108.0,142.0,144.0
108.0,139.0,143.0
109.0,136.0,143.0
106.0,133.0,140.0
107.0,141.0,145.0
108.0,139.0,147.0
107.0,134.0,145.0
108.0,127.0,142.0
111.0,124.0,144.0
108.0,130.0,143.0
107.0,142.0,142.0
108.0,144.0,145.0
106.0,130.0,143.0
107.0,127.0,143.0
108.0,127.0,143.0
107.0,139.0,143.0
106.0,149.0,144.0
110.0,167.0,147.0
108.0,137.0,143.0
107.0,136.0,143.0
108.0,143.0,143.0
108.0,139.0,143.0
109.0,136.0,143.0
106.0,131.0,142.0
107.0,141.0,145.0
108.0,139.0,147.0
107.0,135.0,144.0
108.0,127.0,143.0
111.0,121.0,147.0
110.0,127.0,145.0
110.0,122.0,144.0
109.0,119.0,143.0
109.0,121.0,145.0
107.0,123.0,141.0
107.0,134.0,145.0
106.0,146.0,145.0
104.0,154.0,144.0
108.0,150.0,148.0
108.0,133.0,144.0
107.0,139.0,145.0
108.0,138.0,142.0
109.0,136.0,143.0
111.0,135.0,144.0
109.0,132.0,143.0
108.0,129.0,146.0
108.0,127.0,147.0
112.0,111.0,135.0
108.0,109.0,140.0
107.0,114.0,148.0
110.0,124.0,148.0
110.0,121.0,146.0
109.0,119.0,144.0
109.0,122.0,144.0
107.0,122.0,142.0
107.0,133.0,146.0
106.0,145.0,146.0
104.0,153.0,145.0
108.0,154.0,144.0
108.0,132.0,145.0
107.0,138.0,146.0
108.0,134.0,146.0
109.0,132.0,147.0
111.0,134.0,145.0
109.0,132.0,143.0
108.0,130.0,145.0
108.0,127.0,147.0
112.0,103.0,146.0
108.0,106.0,144.0
107.0,114.0,148.0
108.0,124.0,148.0
108.0,123.0,147.0
108.0,134.0,147.0
108.0,140.0,146.0
111.0,137.0,153.0
108.0,121.0,143.0
107.0,135.0,147.0
106.0,145.0,146.0
112.0,142.0,147.0
108.0,134.0,146.0
109.0,136.0,150.0
108.0,138.0,152.0
109.0,138.0,148.0
109.0,132.0,143.0
107.0,126.0,138.0
108.0,127.0,141.0
108.0,120.0,144.0
109.0,111.0,143.0
108.0,112.0,146.0
109.0,117.0,151.0
108.0,126.0,146.0
108.0,124.0,146.0
108.0,133.0,148.0
108.0,139.0,147.0
111.0,142.0,147.0
108.0,118.0,147.0
107.0,134.0,148.0
106.0,143.0,148.0
112.0,141.0,148.0
108.0,134.0,147.0
109.0,137.0,149.0
108.0,141.0,148.0
109.0,139.0,147.0
109.0,131.0,144.0
107.0,124.0,140.0
108.0,125.0,143.0
108.0,120.0,145.0
109.0,109.0,145.0
108.0,112.0,146.0
109.0,118.0,149.0
110.0,143.0,150.0
111.0,141.0,148.0
110.0,147.0,144.0
109.0,155.0,140.0
109.0,162.0,137.0
107.0,162.0,135.0
109.0,160.0,132.0
109.0,168.0,132.0
109.0,168.0,129.0
111.0,168.0,126.0
111.0,171.0,124.0
112.0,170.0,123.0
112.0,166.0,121.0
111.0,158.0,118.0
111.0,165.0,116.0
108.0,164.0,115.0
109.0,166.0,114.0
108.0,162.0,112.0
110.0,159.0,111.0
111.0,156.0,111.0
111.0,162.0,112.0
110.0,151.0,155.0
110.0,148.0,150.0
109.0,152.0,146.0
110.0,152.0,141.0
109.0,151.0,137.0
109.0,151.0,135.0
109.0,153.0,133.0
109.0,149.0,130.0
108.0,155.0,127.0
109.0,159.0,122.0
109.0,166.0,123.0
109.0,171.0,124.0
110.0,171.0,124.0
111.0,162.0,118.0
109.0,164.0,115.0
108.0,163.0,116.0
108.0,164.0,115.0
109.0,157.0,112.0
109.0,159.0,111.0
109.0,157.0,112.0
109.0,156.0,113.0
110.0,151.0,155.0
110.0,147.0,151.0
109.0,149.0,149.0
110.0,150.0,143.0
109.0,150.0,138.0
109.0,150.0,136.0
109.0,152.0,134.0
109.0,147.0,132.0
108.0,150.0,131.0
109.0,151.0,128.0
109.0,161.0,127.0
109.0,169.0,125.0
110.0,168.0,126.0
111.0,158.0,121.0
109.0,161.0,117.0
108.0,161.0,117.0
108.0,163.0,116.0
109.0,156.0,113.0
109.0,159.0,111.0
109.0,160.0,110.0
109.0,160.0,110.0
110.0,151.0,166.0
108.0,153.0,160.0
109.0,149.0,151.0
109.0,149.0,145.0
110.0,144.0,140.0
110.0,142.0,138.0
110.0,142.0,135.0
110.0,138.0,133.0
108.0,142.0,131.0
108.0,149.0,132.0
110.0,155.0,128.0
108.0,161.0,127.0
111.0,161.0,127.0
110.0,162.0,123.0
108.0,156.0,116.0
108.0,160.0,118.0
109.0,161.0,117.0
109.0,161.0,117.0
109.0,156.0,116.0
109.0,154.0,114.0
109.0,152.0,111.0
110.0,149.0,168.0
108.0,153.0,160.0
109.0,149.0,151.0
109.0,146.0,148.0
110.0,140.0,144.0
110.0,137.0,143.0
110.0,136.0,141.0
110.0,133.0,138.0
108.0,138.0,135.0
108.0,149.0,132.0
110.0,153.0,130.0
108.0,159.0,128.0
111.0,161.0,127.0
110.0,163.0,122.0
108.0,153.0,118.0
108.0,160.0,118.0
109.0,160.0,118.0
109.0,160.0,118.0
109.0,155.0,117.0
109.0,154.0,114.0
109.0,150.0,112.0
110.0,154.0,176.0
110.0,155.0,164.0
109.0,148.0,152.0
109.0,148.0,150.0
108.0,143.0,146.0
110.0,137.0,145.0
110.0,138.0,144.0
110.0,137.0,145.0
110.0,141.0,141.0
109.0,144.0,135.0
109.0,148.0,131.0
110.0,148.0,129.0
110.0,152.0,126.0
112.0,148.0,119.0
110.0,157.0,122.0
108.0,165.0,124.0
109.0,162.0,120.0
108.0,164.0,120.0
111.0,156.0,119.0
111.0,149.0,115.0
110.0,150.0,117.0
110.0,153.0,177.0
110.0,155.0,165.0
109.0,147.0,153.0
109.0,146.0,152.0
108.0,139.0,150.0
110.0,134.0,148.0
110.0,135.0,147.0
110.0,137.0,145.0
110.0,140.0,142.0
109.0,141.0,137.0
109.0,146.0,133.0
110.0,147.0,130.0
110.0,147.0,130.0
112.0,140.0,126.0
110.0,155.0,123.0
108.0,167.0,122.0
109.0,160.0,121.0
108.0,165.0,119.0
111.0,158.0,118.0
111.0,146.0,117.0
110.0,150.0,117.0
109.0,151.0,172.0
109.0,157.0,164.0
111.0,155.0,163.0
109.0,157.0,161.0
109.0,157.0,158.0
109.0,158.0,157.0
111.0,149.0,154.0
112.0,141.0,148.0
110.0,142.0,145.0
110.0,143.0,141.0
110.0,145.0,137.0
110.0,147.0,135.0
110.0,151.0,133.0
110.0,153.0,130.0
110.0,154.0,124.0
109.0,156.0,124.0
110.0,162.0,123.0
109.0,163.0,119.0
111.0,156.0,116.0
110.0,150.0,117.0
110.0,147.0,113.0
109.0,153.0,170.0
109.0,157.0,164.0
111.0,161.0,157.0
109.0,163.0,155.0
109.0,161.0,154.0
109.0,163.0,152.0
111.0,152.0,151.0
112.0,142.0,147.0
110.0,142.0,145.0
110.0,143.0,141.0
110.0,143.0,139.0
110.0,146.0,136.0
110.0,150.0,134.0
110.0,153.0,130.0
110.0,153.0,125.0
109.0,156.0,124.0
110.0,162.0,123.0
109.0,162.0,120.0
111.0,155.0,117.0
110.0,153.0,115.0
110.0,147.0,113.0
108.0,151.0,162.0
108.0,166.0,163.0
110.0,164.0,160.0
110.0,159.0,156.0
109.0,159.0,151.0
109.0,159.0,151.0
110.0,153.0,152.0
109.0,148.0,150.0
108.0,143.0,146.0
108.0,147.0,146.0
110.0,147.0,146.0
110.0,148.0,140.0
110.0,151.0,137.0
110.0,150.0,131.0
109.0,146.0,124.0
110.0,148.0,124.0
108.0,155.0,123.0
107.0,166.0,121.0
111.0,161.0,119.0
111.0,155.0,115.0
110.0,148.0,110.0
108.0,152.0,161.0
108.0,169.0,160.0
110.0,165.0,159.0
110.0,160.0,155.0
109.0,159.0,151.0
109.0,158.0,152.0
110.0,152.0,153.0
109.0,149.0,149.0
108.0,143.0,146.0
108.0,146.0,147.0
110.0,146.0,147.0
110.0,144.0,143.0
110.0,149.0,139.0
110.0,149.0,132.0
109.0,143.0,127.0
110.0,148.0,124.0
108.0,154.0,124.0
107.0,165.0,122.0
111.0,159.0,120.0
111.0,155.0,115.0
110.0,144.0,113.0
107.0,146.0,157.0
107.0,163.0,153.0
109.0,167.0,156.0
108.0,165.0,151.0
107.0,154.0,146.0
109.0,148.0,150.0
109.0,153.0,152.0
109.0,150.0,150.0
109.0,149.0,149.0
109.0,148.0,150.0
109.0,149.0,149.0
109.0,148.0,146.0
110.0,145.0,139.0
111.0,144.0,133.0
111.0,141.0,128.0
111.0,143.0,125.0
110.0,149.0,123.0
108.0,155.0,123.0
109.0,159.0,119.0
110.0,160.0,115.0
109.0,156.0,116.0
107.0,147.0,156.0
107.0,160.0,156.0
109.0,166.0,157.0
108.0,165.0,151.0
107.0,154.0,146.0
109.0,149.0,149.0
109.0,152.0,153.0
109.0,149.0,151.0
109.0,148.0,150.0
109.0,148.0,150.0
109.0,148.0,150.0
109.0,148.0,146.0
110.0,142.0,142.0
111.0,138.0,139.0
111.0,134.0,135.0
111.0,138.0,129.0
110.0,146.0,126.0
108.0,154.0,124.0
109.0,155.0,122.0
110.0,154.0,119.0
109.0,156.0,116.0
107.0,140.0,153.0
107.0,149.0,157.0
108.0,156.0,154.0
110.0,155.0,143.0
110.0,153.0,148.0
110.0,147.0,151.0
109.0,152.0,154.0
110.0,152.0,149.0
109.0,152.0,154.0
109.0,152.0,153.0
110.0,149.0,152.0
110.0,145.0,148.0
110.0,146.0,145.0
109.0,149.0,145.0
110.0,148.0,143.0
109.0,151.0,137.0
110.0,148.0,129.0
110.0,151.0,127.0
108.0,154.0,124.0
108.0,157.0,122.0
110.0,154.0,119.0
107.0,141.0,152.0
107.0,151.0,155.0
108.0,152.0,158.0
110.0,144.0,154.0
110.0,149.0,152.0
110.0,144.0,154.0
109.0,150.0,156.0
110.0,146.0,155.0
109.0,151.0,155.0
109.0,151.0,154.0
110.0,149.0,152.0
110.0,143.0,150.0
110.0,143.0,148.0
109.0,147.0,147.0
110.0,145.0,146.0
109.0,149.0,139.0
110.0,145.0,132.0
110.0,148.0,129.0
108.0,152.0,126.0
108.0,155.0,123.0
110.0,152.0,121.0
108.0,135.0,151.0
109.0,144.0,154.0
109.0,149.0,157.0
107.0,152.0,158.0
108.0,150.0,158.0
109.0,148.0,160.0
108.0,149.0,154.0
109.0,153.0,157.0
108.0,156.0,157.0
108.0,156.0,157.0
110.0,155.0,155.0
111.0,147.0,154.0
110.0,151.0,154.0
109.0,149.0,151.0
109.0,150.0,148.0
110.0,148.0,143.0
110.0,150.0,138.0
110.0,150.0,133.0
110.0,152.0,131.0
110.0,153.0,128.0
108.0,155.0,123.0
108.0,134.0,152.0
109.0,143.0,155.0
109.0,148.0,158.0
107.0,151.0,159.0
108.0,147.0,161.0
109.0,149.0,159.0
108.0,146.0,157.0
109.0,152.0,158.0
108.0,155.0,158.0
108.0,156.0,157.0
110.0,155.0,155.0
111.0,148.0,153.0
110.0,153.0,152.0
109.0,150.0,150.0
109.0,149.0,149.0
110.0,147.0,144.0
110.0,149.0,139.0
110.0,147.0,135.0
110.0,152.0,131.0
110.0,153.0,128.0
108.0,155.0,123.0
106.0,127.0,147.0
108.0,139.0,154.0
110.0,141.0,161.0
109.0,140.0,160.0
109.0,140.0,159.0
109.0,134.0,152.0
108.0,142.0,151.0
108.0,154.0,156.0
109.0,160.0,161.0
108.0,162.0,159.0
108.0,158.0,152.0
108.0,160.0,153.0
110.0,159.0,156.0
110.0,147.0,151.0
109.0,146.0,148.0
110.0,144.0,147.0
110.0,149.0,144.0
110.0,152.0,141.0
110.0,154.0,137.0
110.0,153.0,132.0
110.0,158.0,126.0
106.0,122.0,153.0
108.0,136.0,158.0
110.0,141.0,161.0
109.0,140.0,160.0
109.0,140.0,159.0
109.0,131.0,156.0
108.0,138.0,155.0
108.0,155.0,155.0
109.0,164.0,157.0
108.0,166.0,155.0
108.0,159.0,151.0
108.0,162.0,151.0
110.0,162.0,153.0
110.0,147.0,151.0
109.0,144.0,151.0
110.0,141.0,150.0
110.0,145.0,148.0
110.0,148.0,145.0
110.0,151.0,140.0
110.0,149.0,135.0
110.0,155.0,128.0
109.0,124.0,127.0
102.0,119.0,131.0
103.0,158.0,139.0
105.0,183.0,149.0
104.0,181.0,138.0
105.0,156.0,126.0
108.0,141.0,127.0
108.0,140.0,129.0
108.0,144.0,129.0
107.0,140.0,129.0
107.0,153.0,127.0
108.0,154.0,124.0
107.0,159.0,122.0
108.0,152.0,119.0
109.0,150.0,117.0
109.0,150.0,117.0
111.0,137.0,115.0
109.0,154.0,114.0
108.0,162.0,113.0
107.0,167.0,116.0
109.0,154.0,109.0
107.0,165.0,105.0
108.0,168.0,106.0
107.0,162.0,104.0
110.0,144.0,103.0
109.0,150.0,104.0
109.0,162.0,104.0
109.0,169.0,104.0
108.0,175.0,102.0
107.0,173.0,100.0
108.0,180.0,99.0
108.0,187.0,97.0
108.0,122.0,128.0
109.0,121.0,129.0
112.0,118.0,128.0
109.0,131.0,128.0
109.0,132.0,120.0
108.0,131.0,123.0
108.0,126.0,123.0
108.0,131.0,125.0
107.0,140.0,124.0
107.0,140.0,124.0
107.0,141.0,123.0
106.0,150.0,124.0
106.0,158.0,123.0
107.0,159.0,119.0
110.0,151.0,110.0
108.0,157.0,117.0
108.0,160.0,118.0
108.0,165.0,119.0
108.0,170.0,120.0
109.0,166.0,117.0
109.0,160.0,113.0
107.0,157.0,107.0
107.0,162.0,107.0
107.0,158.0,105.0
108.0,155.0,105.0
107.0,162.0,104.0
108.0,173.0,106.0
111.0,174.0,110.0
109.0,168.0,102.0
109.0,171.0,103.0
109.0,165.0,102.0
109.0,174.0,97.0
108.0,124.0,125.0
109.0,122.0,128.0
112.0,118.0,128.0
109.0,131.0,128.0
109.0,126.0,125.0
108.0,131.0,123.0
108.0,126.0,123.0
108.0,132.0,124.0
107.0,140.0,124.0
107.0,141.0,123.0
107.0,141.0,123.0
106.0,150.0,124.0
106.0,160.0,121.0
107.0,157.0,120.0
110.0,140.0,118.0
108.0,157.0,117.0
108.0,160.0,118.0
108.0,169.0,116.0
108.0,174.0,117.0
109.0,167.0,116.0
109.0,157.0,115.0
107.0,152.0,111.0
107.0,158.0,110.0
107.0,153.0,108.0
108.0,150.0,109.0
107.0,156.0,108.0
108.0,173.0,106.0
111.0,180.0,106.0
109.0,166.0,103.0
109.0,173.0,102.0
109.0,168.0,100.0
109.0,172.0,98.0
107.0,133.0,130.0
107.0,133.0,130.0
107.0,133.0,130.0
108.0,135.0,128.0
108.0,137.0,127.0
109.0,135.0,127.0
109.0,129.0,123.0
108.0,139.0,125.0
108.0,143.0,125.0
108.0,140.0,124.0
109.0,139.0,123.0
108.0,147.0,123.0
108.0,147.0,118.0
107.0,146.0,115.0
108.0,149.0,116.0
108.0,157.0,117.0
107.0,167.0,119.0
108.0,161.0,117.0
108.0,160.0,116.0
108.0,161.0,117.0
108.0,158.0,118.0
108.0,157.0,115.0
108.0,157.0,114.0
107.0,152.0,111.0
107.0,151.0,110.0
107.0,161.0,108.0
108.0,168.0,108.0
109.0,166.0,106.0
109.0,169.0,104.0
110.0,163.0,102.0
110.0,163.0,100.0
109.0,172.0,98.0
107.0,140.0,124.0
107.0,139.0,125.0
107.0,139.0,125.0
108.0,138.0,126.0
108.0,140.0,124.0
109.0,138.0,124.0
109.0,130.0,122.0
108.0,142.0,122.0
108.0,145.0,123.0
108.0,141.0,123.0
109.0,140.0,122.0
108.0,147.0,123.0
108.0,142.0,122.0
107.0,140.0,120.0
108.0,143.0,121.0
108.0,152.0,121.0
107.0,167.0,119.0
108.0,160.0,118.0
108.0,158.0,118.0
108.0,160.0,118.0
108.0,159.0,117.0
108.0,157.0,115.0
108.0,157.0,114.0
107.0,152.0,111.0
107.0,149.0,111.0
107.0,159.0,109.0
108.0,166.0,109.0
109.0,163.0,108.0
109.0,166.0,106.0
110.0,161.0,103.0
110.0,163.0,100.0
109.0,172.0,98.0
109.0,117.0,124.0
108.0,122.0,123.0
109.0,125.0,122.0
109.0,127.0,122.0
110.0,125.0,120.0
109.0,131.0,121.0
109.0,130.0,122.0
107.0,140.0,120.0
109.0,148.0,122.0
111.0,150.0,129.0
109.0,143.0,123.0
109.0,143.0,123.0
109.0,139.0,121.0
107.0,148.0,122.0
106.0,158.0,123.0
108.0,158.0,124.0
108.0,158.0,121.0
107.0,153.0,115.0
107.0,157.0,120.0
108.0,156.0,119.0
110.0,149.0,111.0
108.0,157.0,115.0
109.0,154.0,111.0
108.0,152.0,114.0
109.0,141.0,112.0
108.0,147.0,111.0
108.0,148.0,105.0
108.0,154.0,104.0
108.0,162.0,107.0
109.0,166.0,106.0
108.0,162.0,101.0
109.0,172.0,98.0
109.0,118.0,123.0
108.0,122.0,123.0
109.0,125.0,122.0
109.0,127.0,122.0
110.0,123.0,122.0
109.0,129.0,123.0
109.0,130.0,122.0
107.0,139.0,121.0
109.0,148.0,122.0
111.0,155.0,125.0
109.0,143.0,123.0
109.0,144.0,122.0
109.0,139.0,121.0
107.0,150.0,121.0
106.0,159.0,122.0
108.0,160.0,123.0
108.0,158.0,121.0
107.0,148.0,119.0
107.0,157.0,120.0
108.0,155.0,120.0
110.0,142.0,117.0
108.0,156.0,116.0
109.0,149.0,115.0
108.0,152.0,114.0
109.0,141.0,112.0
108.0,147.0,111.0
108.0,141.0,110.0
108.0,147.0,109.0
108.0,161.0,108.0
109.0,164.0,107.0
108.0,160.0,102.0
109.0,170.0,99.0
109.0,129.0,123.0
109.0,130.0,122.0
108.0,133.0,123.0
110.0,132.0,124.0
110.0,132.0,124.0
110.0,133.0,123.0
111.0,127.0,122.0
109.0,134.0,118.0
108.0,149.0,120.0
108.0,149.0,123.0
108.0,150.0,122.0
109.0,153.0,123.0
108.0,154.0,121.0
109.0,162.0,126.0
106.0,160.0,121.0
107.0,152.0,119.0
108.0,141.0,116.0
108.0,148.0,121.0
108.0,146.0,119.0
108.0,147.0,118.0
108.0,149.0,116.0
108.0,156.0,119.0
107.0,161.0,117.0
109.0,153.0,115.0
111.0,139.0,112.0
108.0,146.0,112.0
106.0,154.0,111.0
108.0,163.0,114.0
109.0,162.0,112.0
109.0,166.0,109.0
108.0,170.0,105.0
109.0,173.0,99.0
109.0,130.0,122.0
109.0,130.0,122.0
108.0,134.0,122.0
110.0,132.0,124.0
110.0,132.0,124.0
110.0,132.0,124.0
111.0,127.0,122.0
109.0,133.0,119.0
108.0,146.0,122.0
108.0,149.0,123.0
108.0,152.0,121.0
109.0,157.0,120.0
108.0,155.0,120.0
109.0,169.0,121.0
106.0,160.0,121.0
107.0,150.0,121.0
108.0,136.0,120.0
108.0,148.0,121.0
108.0,145.0,120.0
108.0,145.0,120.0
108.0,147.0,118.0
108.0,156.0,119.0
107.0,163.0,116.0
109.0,152.0,116.0
111.0,136.0,114.0
108.0,147.0,111.0
106.0,154.0,111.0
108.0,169.0,110.0
109.0,166.0,109.0
109.0,166.0,109.0
108.0,170.0,105.0
109.0,171.0,100.0
106.0,132.0,124.0
107.0,130.0,122.0
108.0,129.0,117.0
107.0,131.0,121.0
108.0,130.0,124.0
108.0,132.0,124.0
108.0,133.0,123.0
109.0,131.0,119.0
108.0,136.0,120.0
108.0,146.0,122.0
107.0,148.0,119.0
107.0,150.0,117.0
108.0,154.0,121.0
108.0,153.0,120.0
106.0,159.0,120.0
106.0,153.0,118.0
108.0,148.0,121.0
108.0,148.0,121.0
111.0,135.0,115.0
108.0,150.0,121.0
108.0,150.0,122.0
107.0,158.0,123.0
105.0,154.0,116.0
109.0,146.0,115.0
110.0,142.0,113.0
109.0,144.0,110.0
108.0,145.0,111.0
107.0,153.0,110.0
108.0,156.0,111.0
109.0,160.0,107.0
107.0,162.0,104.0
107.0,167.0,101.0
106.0,132.0,124.0
107.0,126.0,125.0
108.0,121.0,124.0
107.0,129.0,123.0
108.0,131.0,123.0
108.0,132.0,124.0
108.0,135.0,121.0
109.0,131.0,119.0
108.0,135.0,121.0
108.0,145.0,123.0
107.0,145.0,121.0
107.0,145.0,121.0
108.0,153.0,122.0
108.0,152.0,121.0
106.0,159.0,120.0
106.0,151.0,120.0
108.0,149.0,120.0
108.0,148.0,121.0
111.0,127.0,122.0
108.0,147.0,123.0
108.0,154.0,119.0
107.0,166.0,117.0
105.0,155.0,115.0
109.0,146.0,115.0
110.0,143.0,112.0
109.0,142.0,111.0
108.0,146.0,110.0
107.0,153.0,110.0
108.0,158.0,110.0
109.0,160.0,107.0
107.0,162.0,104.0
107.0,165.0,102.0
109.0,122.0,127.0
109.0,124.0,127.0
107.0,121.0,122.0
107.0,122.0,121.0
108.0,126.0,121.0
109.0,130.0,122.0
109.0,133.0,119.0
109.0,138.0,122.0
108.0,146.0,124.0
109.0,147.0,128.0
108.0,148.0,126.0
108.0,150.0,122.0
108.0,152.0,121.0
108.0,154.0,124.0
109.0,151.0,120.0
106.0,158.0,123.0
106.0,159.0,122.0
108.0,153.0,123.0
107.0,155.0,128.0
109.0,151.0,125.0
109.0,145.0,118.0
109.0,146.0,115.0
107.0,149.0,116.0
110.0,144.0,115.0
112.0,134.0,112.0
110.0,134.0,110.0
109.0,140.0,113.0
109.0,149.0,113.0
109.0,159.0,111.0
109.0,162.0,112.0
109.0,160.0,107.0
109.0,169.0,104.0
109.0,123.0,126.0
109.0,124.0,127.0
107.0,120.0,123.0
107.0,121.0,122.0
108.0,126.0,121.0
109.0,130.0,122.0
109.0,131.0,121.0
109.0,138.0,122.0
108.0,148.0,122.0
109.0,153.0,123.0
108.0,151.0,123.0
108.0,150.0,122.0
108.0,152.0,121.0
108.0,155.0,123.0
109.0,146.0,124.0
106.0,156.0,124.0
106.0,159.0,122.0
108.0,156.0,121.0
107.0,166.0,120.0
109.0,155.0,122.0
109.0,144.0,119.0
109.0,144.0,117.0
107.0,151.0,115.0
110.0,144.0,115.0
112.0,132.0,114.0
110.0,130.0,114.0
109.0,139.0,114.0
109.0,148.0,114.0
109.0,154.0,114.0
109.0,159.0,114.0
109.0,155.0,110.0
109.0,168.0,105.0
110.0,118.0,125.0
109.0,117.0,124.0
111.0,111.0,122.0
107.0,121.0,122.0
106.0,133.0,123.0
109.0,130.0,122.0
108.0,134.0,122.0
107.0,143.0,121.0
109.0,148.0,122.0
110.0,143.0,123.0
111.0,139.0,123.0
109.0,147.0,123.0
107.0,148.0,122.0
107.0,145.0,121.0
108.0,146.0,126.0
108.0,151.0,127.0
107.0,155.0,125.0
107.0,150.0,121.0
108.0,149.0,120.0
108.0,147.0,118.0
110.0,140.0,115.0
107.0,145.0,116.0
107.0,149.0,116.0
107.0,146.0,115.0
110.0,142.0,117.0
110.0,139.0,117.0
109.0,136.0,116.0
106.0,144.0,113.0
107.0,156.0,116.0
108.0,163.0,116.0
106.0,166.0,112.0
108.0,168.0,106.0
110.0,118.0,125.0
109.0,117.0,124.0
111.0,108.0,125.0
107.0,120.0,123.0
106.0,133.0,123.0
109.0,130.0,122.0
108.0,134.0,122.0
107.0,142.0,122.0
109.0,147.0,123.0
110.0,143.0,123.0
111.0,139.0,123.0
109.0,147.0,123.0
107.0,148.0,122.0
107.0,145.0,121.0
108.0,148.0,124.0
108.0,151.0,127.0
107.0,156.0,124.0
107.0,151.0,120.0
108.0,149.0,120.0
108.0,146.0,119.0
110.0,135.0,119.0
107.0,143.0,118.0
107.0,147.0,118.0
107.0,143.0,118.0
110.0,140.0,118.0
110.0,141.0,116.0
109.0,136.0,116.0
106.0,138.0,118.0
107.0,155.0,117.0
108.0,161.0,117.0
106.0,168.0,111.0
108.0,167.0,107.0
108.0,120.0,125.0
109.0,117.0,124.0
110.0,113.0,124.0
107.0,120.0,123.0
107.0,126.0,125.0
107.0,127.0,124.0
108.0,131.0,123.0
107.0,132.0,120.0
108.0,132.0,118.0
108.0,131.0,119.0
109.0,129.0,119.0
108.0,135.0,121.0
109.0,138.0,122.0
109.0,138.0,122.0
108.0,145.0,130.0
108.0,151.0,132.0
107.0,150.0,126.0
108.0,142.0,122.0
110.0,137.0,119.0
110.0,138.0,118.0
109.0,143.0,118.0
108.0,148.0,122.0
108.0,148.0,122.0
108.0,151.0,123.0
108.0,152.0,119.0
108.0,147.0,118.0
109.0,143.0,118.0
108.0,147.0,118.0
107.0,145.0,116.0
108.0,158.0,113.0
107.0,162.0,112.0
108.0,162.0,107.0
108.0,121.0,124.0
109.0,117.0,124.0
110.0,112.0,125.0
107.0,119.0,124.0
107.0,127.0,124.0
107.0,130.0,122.0
108.0,132.0,122.0
107.0,132.0,120.0
108.0,127.0,122.0
108.0,126.0,123.0
109.0,125.0,122.0
108.0,134.0,122.0
109.0,137.0,123.0
109.0,138.0,122.0
108.0,149.0,127.0
108.0,151.0,132.0
107.0,149.0,127.0
108.0,139.0,125.0
110.0,133.0,123.0
110.0,133.0,123.0
109.0,137.0,123.0
108.0,146.0,124.0
108.0,148.0,122.0
108.0,154.0,121.0
108.0,153.0,118.0
108.0,148.0,117.0
109.0,144.0,117.0
108.0,147.0,118.0
107.0,148.0,114.0
108.0,159.0,112.0
107.0,165.0,110.0
108.0,162.0,107.0
109.0,122.0,125.0
109.0,123.0,126.0
108.0,123.0,126.0
111.0,131.0,132.0
109.0,127.0,124.0
109.0,126.0,123.0
109.0,121.0,120.0
107.0,121.0,118.0
107.0,122.0,121.0
108.0,130.0,124.0
108.0,125.0,122.0
107.0,123.0,118.0
108.0,126.0,119.0
108.0,125.0,122.0
106.0,132.0,129.0
108.0,141.0,132.0
108.0,142.0,129.0
108.0,142.0,126.0
109.0,140.0,126.0
109.0,140.0,126.0
108.0,139.0,125.0
108.0,146.0,124.0
108.0,148.0,122.0
110.0,150.0,122.0
109.0,152.0,119.0
109.0,145.0,116.0
107.0,145.0,116.0
109.0,144.0,117.0
109.0,140.0,113.0
108.0,140.0,109.0
110.0,151.0,108.0
109.0,157.0,107.0
109.0,123.0,124.0
109.0,122.0,127.0
108.0,122.0,127.0
111.0,135.0,128.0
109.0,126.0,125.0
109.0,125.0,124.0
109.0,119.0,122.0
107.0,120.0,119.0
107.0,122.0,121.0
108.0,129.0,125.0
108.0,124.0,123.0
107.0,120.0,121.0
108.0,120.0,125.0
108.0,121.0,126.0
106.0,133.0,128.0
108.0,141.0,132.0
108.0,141.0,130.0
108.0,138.0,129.0
109.0,136.0,129.0
109.0,137.0,128.0
108.0,138.0,126.0
108.0,147.0,123.0
108.0,148.0,122.0
110.0,152.0,121.0
109.0,152.0,119.0
109.0,144.0,117.0
107.0,146.0,115.0
109.0,148.0,114.0
109.0,140.0,113.0
108.0,138.0,111.0
110.0,148.0,110.0
109.0,156.0,108.0
108.0,121.0,126.0
109.0,124.0,127.0
107.0,129.0,130.0
108.0,126.0,128.0
108.0,122.0,125.0
108.0,123.0,124.0
108.0,121.0,124.0
109.0,116.0,121.0
107.0,117.0,124.0
108.0,121.0,124.0
109.0,115.0,118.0
108.0,115.0,120.0
109.0,116.0,125.0
108.0,120.0,127.0
108.0,123.0,126.0
108.0,129.0,127.0
107.0,135.0,128.0
108.0,133.0,130.0
108.0,128.0,128.0
108.0,135.0,128.0
107.0,139.0,125.0
106.0,141.0,119.0
107.0,145.0,120.0
108.0,152.0,124.0
108.0,152.0,124.0
109.0,144.0,119.0
109.0,136.0,114.0
108.0,136.0,111.0
110.0,141.0,114.0
109.0,142.0,111.0
108.0,143.0,109.0
107.0,157.0,107.0
108.0,121.0,126.0
109.0,125.0,126.0
107.0,134.0,126.0
108.0,128.0,126.0
108.0,122.0,125.0
108.0,123.0,124.0
108.0,122.0,123.0
109.0,116.0,121.0
107.0,119.0,122.0
108.0,120.0,125.0
109.0,110.0,123.0
108.0,113.0,122.0
109.0,116.0,125.0
108.0,121.0,126.0
108.0,122.0,127.0
108.0,128.0,128.0
107.0,135.0,128.0
108.0,134.0,129.0
108.0,128.0,128.0
108.0,137.0,127.0
107.0,140.0,124.0
106.0,138.0,122.0
107.0,143.0,121.0
108.0,153.0,123.0
108.0,156.0,121.0
109.0,144.0,119.0
109.0,134.0,116.0
108.0,132.0,114.0
110.0,141.0,114.0
109.0,140.0,113.0
108.0,140.0,111.0
107.0,156.0,108.0
108.0,121.0,126.0
109.0,116.0,121.0
109.0,118.0,123.0
109.0,112.0,121.0
110.0,114.0,123.0
110.0,118.0,125.0
108.0,120.0,125.0
110.0,113.0,124.0
110.0,114.0,125.0
110.0,118.0,125.0
110.0,119.0,124.0
109.0,124.0,125.0
108.0,129.0,125.0
111.0,131.0,130.0
112.0,119.0,126.0
109.0,124.0,127.0
107.0,130.0,129.0
109.0,129.0,132.0
109.0,120.0,127.0
108.0,121.0,124.0
108.0,125.0,122.0
107.0,124.0,119.0
107.0,131.0,121.0
107.0,135.0,123.0
107.0,136.0,122.0
107.0,134.0,118.0
108.0,132.0,116.0
107.0,139.0,114.0
108.0,136.0,111.0
108.0,139.0,112.0
108.0,138.0,111.0
108.0,144.0,108.0
108.0,123.0,124.0
109.0,116.0,121.0
109.0,117.0,124.0
109.0,110.0,123.0
110.0,112.0,125.0
110.0,117.0,126.0
108.0,119.0,126.0
110.0,111.0,126.0
110.0,113.0,126.0
110.0,118.0,125.0
110.0,119.0,124.0
109.0,125.0,124.0
108.0,130.0,124.0
111.0,135.0,127.0
112.0,118.0,127.0
109.0,124.0,127.0
107.0,131.0,128.0
109.0,135.0,127.0
109.0,122.0,125.0
108.0,121.0,124.0
108.0,123.0,124.0
107.0,121.0,122.0
107.0,127.0,124.0
107.0,132.0,126.0
107.0,135.0,123.0
107.0,132.0,120.0
108.0,131.0,117.0
107.0,137.0,115.0
108.0,133.0,113.0
108.0,138.0,113.0
108.0,138.0,111.0
108.0,144.0,108.0
106.0,163.0,105.0
107.0,166.0,106.0
107.0,166.0,106.0
107.0,164.0,106.0
107.0,156.0,108.0
107.0,153.0,108.0
106.0,150.0,109.0
108.0,146.0,110.0
107.0,152.0,111.0
107.0,154.0,109.0
107.0,156.0,108.0
107.0,159.0,106.0
107.0,162.0,104.0
107.0,168.0,103.0
107.0,172.0,101.0
108.0,168.0,103.0
108.0,174.0,104.0
107.0,176.0,103.0
108.0,179.0,101.0
107.0,167.0,99.0
107.0,167.0,99.0
107.0,169.0,98.0
108.0,166.0,97.0
107.0,174.0,95.0
108.0,171.0,94.0
108.0,165.0,93.0
107.0,172.0,92.0
107.0,176.0,90.0
108.0,181.0,89.0
107.0,193.0,86.0
108.0,194.0,84.0
108.0,150.0,107.0
108.0,143.0,107.0
107.0,144.0,106.0
107.0,144.0,106.0
107.0,141.0,105.0
107.0,138.0,105.0
108.0,140.0,109.0
108.0,140.0,111.0
108.0,139.0,110.0
108.0,143.0,107.0
108.0,143.0,107.0
108.0,144.0,106.0
107.0,152.0,104.0
107.0,161.0,103.0
107.0,163.0,102.0
108.0,158.0,103.0
108.0,171.0,106.0
107.0,172.0,101.0
107.0,166.0,100.0
108.0,163.0,100.0
108.0,157.0,99.0
109.0,156.0,98.0
107.0,163.0,97.0
107.0,171.0,97.0
108.0,165.0,93.0
110.0,159.0,93.0
107.0,161.0,90.0
108.0,168.0,91.0
108.0,178.0,90.0
108.0,183.0,88.0
108.0,187.0,86.0
108.0,146.0,110.0
108.0,140.0,109.0
107.0,142.0,108.0
107.0,142.0,108.0
107.0,137.0,108.0
107.0,135.0,108.0
108.0,139.0,110.0
108.0,140.0,111.0
108.0,139.0,110.0
108.0,139.0,110.0
108.0,139.0,110.0
108.0,143.0,107.0
107.0,151.0,105.0
107.0,159.0,104.0
107.0,159.0,104.0
108.0,158.0,103.0
108.0,176.0,103.0
107.0,170.0,102.0
107.0,164.0,101.0
108.0,163.0,100.0
108.0,156.0,100.0
109.0,155.0,99.0
107.0,163.0,97.0
107.0,174.0,95.0
108.0,166.0,92.0
110.0,161.0,92.0
107.0,160.0,91.0
108.0,170.0,90.0
108.0,177.0,91.0
108.0,181.0,89.0
108.0,183.0,88.0
107.0,131.0,109.0
107.0,131.0,109.0
106.0,135.0,108.0
106.0,133.0,109.0
107.0,136.0,109.0
106.0,133.0,109.0
107.0,141.0,112.0
108.0,142.0,113.0
110.0,142.0,113.0
109.0,141.0,110.0
108.0,139.0,108.0
109.0,142.0,108.0
108.0,143.0,105.0
109.0,146.0,105.0
108.0,150.0,104.0
109.0,149.0,103.0
108.0,151.0,101.0
107.0,164.0,101.0
109.0,163.0,103.0
109.0,157.0,101.0
108.0,161.0,100.0
108.0,155.0,99.0
108.0,160.0,97.0
108.0,164.0,95.0
109.0,165.0,93.0
110.0,156.0,90.0
110.0,163.0,91.0
108.0,170.0,90.0
108.0,171.0,91.0
107.0,178.0,89.0
108.0,181.0,86.0
107.0,128.0,112.0
107.0,130.0,110.0
106.0,132.0,110.0
106.0,135.0,108.0
107.0,137.0,108.0
106.0,135.0,108.0
107.0,142.0,111.0
108.0,145.0,111.0
110.0,143.0,112.0
109.0,140.0,111.0
108.0,136.0,111.0
109.0,142.0,108.0
108.0,141.0,107.0
109.0,144.0,106.0
108.0,150.0,104.0
109.0,147.0,104.0
108.0,149.0,103.0
107.0,164.0,101.0
109.0,167.0,101.0
109.0,158.0,100.0
108.0,161.0,100.0
108.0,158.0,97.0
108.0,162.0,96.0
108.0,164.0,95.0
109.0,165.0,93.0
110.0,154.0,91.0
110.0,164.0,90.0
108.0,168.0,91.0
108.0,171.0,91.0
107.0,182.0,87.0
108.0,183.0,85.0
108.0,119.0,111.0
109.0,125.0,112.0
107.0,131.0,111.0
107.0,130.0,110.0
106.0,130.0,106.0
108.0,127.0,108.0
107.0,135.0,108.0
108.0,140.0,109.0
108.0,140.0,109.0
109.0,142.0,111.0
108.0,143.0,109.0
109.0,144.0,110.0
108.0,149.0,108.0
109.0,145.0,109.0
109.0,148.0,105.0
108.0,148.0,105.0
108.0,150.0,104.0
108.0,154.0,101.0
108.0,157.0,99.0
108.0,159.0,98.0
109.0,160.0,99.0
108.0,164.0,98.0
109.0,162.0,96.0
109.0,161.0,95.0
109.0,161.0,95.0
109.0,164.0,95.0
109.0,170.0,93.0
108.0,171.0,91.0
108.0,170.0,90.0
108.0,179.0,87.0
108.0,180.0,85.0
108.0,119.0,111.0
109.0,127.0,110.0
107.0,132.0,110.0
107.0,129.0,111.0
106.0,126.0,109.0
108.0,125.0,110.0
107.0,133.0,109.0
108.0,137.0,112.0
108.0,137.0,112.0
109.0,144.0,110.0
108.0,141.0,110.0
109.0,145.0,109.0
108.0,152.0,106.0
109.0,151.0,105.0
109.0,150.0,104.0
108.0,153.0,102.0
108.0,153.0,102.0
108.0,156.0,100.0
108.0,156.0,100.0
108.0,159.0,98.0
109.0,163.0,97.0
108.0,166.0,97.0
109.0,162.0,96.0
109.0,159.0,96.0
109.0,161.0,95.0
109.0,165.0,94.0
109.0,170.0,93.0
108.0,169.0,92.0
108.0,170.0,90.0
108.0,175.0,89.0
108.0,174.0,88.0
109.0,114.0,107.0
109.0,123.0,110.0
111.0,121.0,112.0
109.0,123.0,114.0
109.0,125.0,116.0
107.0,127.0,114.0
107.0,132.0,110.0
107.0,138.0,111.0
109.0,141.0,112.0
108.0,144.0,108.0
108.0,151.0,108.0
107.0,156.0,108.0
109.0,152.0,104.0
109.0,150.0,102.0
108.0,151.0,101.0
107.0,159.0,104.0
108.0,156.0,100.0
108.0,161.0,100.0
108.0,168.0,103.0
108.0,162.0,99.0
108.0,166.0,97.0
107.0,172.0,98.0
110.0,164.0,98.0
111.0,150.0,97.0
109.0,161.0,95.0
107.0,171.0,97.0
110.0,171.0,97.0
109.0,168.0,94.0
107.0,176.0,90.0
108.0,173.0,90.0
109.0,176.0,90.0
109.0,112.0,109.0
109.0,123.0,110.0
111.0,122.0,111.0
109.0,127.0,110.0
109.0,130.0,112.0
107.0,132.0,110.0
107.0,132.0,110.0
107.0,140.0,109.0
109.0,144.0,110.0
108.0,145.0,107.0
108.0,154.0,106.0
107.0,162.0,104.0
109.0,154.0,103.0
109.0,151.0,101.0
108.0,153.0,100.0
107.0,164.0,101.0
108.0,157.0,99.0
108.0,161.0,100.0
108.0,172.0,101.0
108.0,164.0,98.0
108.0,166.0,97.0
107.0,172.0,98.0
110.0,162.0,99.0
111.0,150.0,97.0
109.0,161.0,95.0
107.0,173.0,96.0
110.0,171.0,97.0
109.0,170.0,93.0
107.0,172.0,92.0
108.0,171.0,91.0
109.0,174.0,91.0
109.0,129.0,113.0
108.0,126.0,109.0
110.0,119.0,107.0
111.0,122.0,109.0
110.0,129.0,111.0
110.0,132.0,112.0
108.0,138.0,109.0
108.0,143.0,109.0
109.0,146.0,108.0
108.0,151.0,108.0
108.0,153.0,105.0
108.0,157.0,104.0
109.0,160.0,105.0
109.0,154.0,103.0
108.0,159.0,101.0
108.0,159.0,101.0
107.0,165.0,102.0
107.0,167.0,101.0
108.0,163.0,100.0
109.0,160.0,99.0
108.0,166.0,97.0
107.0,170.0,99.0
108.0,163.0,100.0
109.0,155.0,99.0
108.0,160.0,94.0
108.0,164.0,95.0
108.0,168.0,97.0
108.0,168.0,97.0
109.0,166.0,95.0
108.0,169.0,92.0
108.0,175.0,92.0
109.0,133.0,109.0
108.0,127.0,108.0
110.0,119.0,107.0
111.0,123.0,108.0
110.0,131.0,109.0
110.0,136.0,109.0
108.0,139.0,108.0
108.0,144.0,108.0
109.0,146.0,108.0
108.0,153.0,107.0
108.0,152.0,106.0
108.0,155.0,105.0
109.0,159.0,106.0
109.0,154.0,103.0
108.0,159.0,101.0
108.0,158.0,102.0
107.0,163.0,103.0
107.0,165.0,102.0
108.0,162.0,101.0
109.0,158.0,100.0
108.0,162.0,99.0
107.0,170.0,99.0
108.0,163.0,100.0
109.0,158.0,97.0
108.0,157.0,96.0
108.0,162.0,96.0
108.0,168.0,97.0
108.0,168.0,97.0
109.0,165.0,96.0
108.0,165.0,94.0
108.0,173.0,93.0
108.0,124.0,107.0
107.0,132.0,110.0
109.0,130.0,108.0
107.0,137.0,106.0
107.0,137.0,106.0
107.0,136.0,107.0
108.0,142.0,108.0
108.0,150.0,107.0
108.0,150.0,107.0
107.0,149.0,106.0
108.0,153.0,107.0
109.0,156.0,108.0
108.0,161.0,108.0
109.0,159.0,106.0
108.0,157.0,104.0
107.0,159.0,104.0
105.0,158.0,100.0
107.0,163.0,102.0
108.0,158.0,102.0
108.0,156.0,103.0
107.0,162.0,104.0
106.0,164.0,104.0
108.0,162.0,99.0
107.0,160.0,99.0
109.0,159.0,96.0
108.0,160.0,97.0
109.0,158.0,97.0
109.0,160.0,97.0
109.0,161.0,98.0
107.0,165.0,96.0
108.0,167.0,93.0
108.0,124.0,107.0
107.0,135.0,108.0
109.0,130.0,108.0
107.0,136.0,107.0
107.0,136.0,107.0
107.0,136.0,107.0
108.0,143.0,107.0
108.0,150.0,107.0
108.0,149.0,108.0
107.0,148.0,107.0
108.0,153.0,107.0
109.0,154.0,109.0
108.0,159.0,109.0
109.0,156.0,108.0
108.0,154.0,106.0
107.0,159.0,104.0
105.0,155.0,102.0
107.0,161.0,103.0
108.0,158.0,102.0
108.0,158.0,102.0
107.0,163.0,103.0
106.0,169.0,101.0
108.0,161.0,100.0
107.0,160.0,99.0
109.0,159.0,96.0
108.0,162.0,96.0
109.0,158.0,97.0
109.0,159.0,98.0
109.0,161.0,98.0
107.0,165.0,96.0
108.0,165.0,94.0
110.0,122.0,107.0
108.0,125.0,106.0
109.0,131.0,107.0
107.0,135.0,108.0
107.0,136.0,107.0
107.0,137.0,106.0
106.0,140.0,104.0
107.0,144.0,106.0
107.0,145.0,109.0
108.0,142.0,108.0
108.0,147.0,109.0
107.0,153.0,110.0
108.0,156.0,111.0
107.0,156.0,108.0
108.0,152.0,106.0
108.0,147.0,104.0
108.0,154.0,104.0
107.0,158.0,105.0
108.0,151.0,103.0
109.0,154.0,103.0
109.0,160.0,105.0
109.0,166.0,106.0
109.0,164.0,104.0
107.0,166.0,100.0
108.0,160.0,97.0
109.0,159.0,96.0
109.0,159.0,96.0
110.0,152.0,97.0
108.0,158.0,95.0
108.0,157.0,96.0
108.0,163.0,94.0
110.0,122.0,107.0
108.0,124.0,107.0
109.0,129.0,109.0
107.0,135.0,108.0
107.0,135.0,108.0
107.0,137.0,106.0
106.0,140.0,104.0
107.0,144.0,106.0
107.0,146.0,108.0
108.0,142.0,108.0
108.0,146.0,110.0
107.0,152.0,111.0
108.0,155.0,112.0
107.0,156.0,108.0
108.0,150.0,107.0
108.0,144.0,106.0
108.0,154.0,104.0
107.0,159.0,104.0
108.0,150.0,104.0
109.0,152.0,104.0
109.0,165.0,102.0
109.0,171.0,103.0
109.0,166.0,103.0
107.0,166.0,100.0
108.0,157.0,99.0
109.0,155.0,99.0
109.0,155.0,99.0
110.0,152.0,97.0
108.0,155.0,97.0
108.0,157.0,96.0
108.0,161.0,95.0
109.0,129.0,109.0
108.0,123.0,108.0
108.0,123.0,108.0
108.0,124.0,107.0
107.0,133.0,107.0
106.0,133.0,109.0
107.0,137.0,108.0
107.0,135.0,108.0
107.0,133.0,107.0
108.0,137.0,110.0
107.0,137.0,108.0
107.0,142.0,111.0
108.0,145.0,111.0
108.0,144.0,108.0
108.0,144.0,108.0
108.0,145.0,107.0
108.0,147.0,106.0
108.0,147.0,104.0
108.0,153.0,105.0
108.0,156.0,103.0
108.0,158.0,102.0
108.0,160.0,102.0
108.0,165.0,105.0
107.0,165.0,102.0
108.0,161.0,100.0
108.0,161.0,100.0
109.0,158.0,100.0
109.0,155.0,99.0
109.0,157.0,99.0
110.0,154.0,96.0
108.0,160.0,94.0
109.0,130.0,108.0
108.0,123.0,108.0
108.0,123.0,108.0
108.0,123.0,108.0
107.0,132.0,108.0
106.0,135.0,108.0
107.0,134.0,110.0
107.0,132.0,110.0
107.0,132.0,108.0
108.0,136.0,111.0
107.0,136.0,109.0
107.0,142.0,111.0
108.0,143.0,112.0
108.0,143.0,109.0
108.0,144.0,108.0
108.0,144.0,108.0
108.0,145.0,107.0
108.0,144.0,106.0
108.0,150.0,107.0
108.0,153.0,105.0
108.0,156.0,103.0
108.0,157.0,104.0
108.0,164.0,106.0
107.0,163.0,103.0
108.0,159.0,101.0
108.0,159.0,101.0
109.0,155.0,102.0
109.0,155.0,99.0
109.0,157.0,99.0
110.0,154.0,96.0
108.0,158.0,95.0
110.0,118.0,108.0
110.0,116.0,108.0
110.0,118.0,108.0
108.0,122.0,109.0
107.0,119.0,107.0
109.0,123.0,110.0
109.0,129.0,113.0
109.0,126.0,111.0
108.0,122.0,109.0
107.0,120.0,106.0
107.0,124.0,107.0
105.0,130.0,108.0
106.0,135.0,108.0
108.0,139.0,110.0
108.0,146.0,110.0
108.0,149.0,108.0
108.0,143.0,107.0
107.0,144.0,106.0
108.0,150.0,107.0
107.0,149.0,106.0
107.0,151.0,105.0
107.0,152.0,104.0
108.0,153.0,105.0
108.0,147.0,104.0
107.0,154.0,103.0
107.0,154.0,103.0
109.0,153.0,102.0
109.0,151.0,101.0
108.0,152.0,99.0
107.0,151.0,96.0
107.0,152.0,94.0
110.0,117.0,109.0
110.0,115.0,109.0
110.0,117.0,109.0
108.0,122.0,109.0
107.0,118.0,108.0
109.0,121.0,112.0
109.0,127.0,114.0
109.0,126.0,111.0
108.0,121.0,110.0
107.0,117.0,109.0
107.0,122.0,109.0
105.0,129.0,109.0
106.0,132.0,110.0
108.0,139.0,110.0
108.0,145.0,111.0
108.0,149.0,108.0
108.0,144.0,106.0
107.0,144.0,106.0
108.0,150.0,107.0
107.0,149.0,106.0
107.0,149.0,106.0
107.0,149.0,106.0
108.0,149.0,108.0
108.0,146.0,105.0
107.0,154.0,103.0
107.0,154.0,103.0
109.0,153.0,102.0
109.0,151.0,101.0
108.0,150.0,100.0
107.0,150.0,97.0
107.0,150.0,95.0
110.0,137.0,108.0
110.0,135.0,106.0
110.0,143.0,105.0
109.0,147.0,104.0
109.0,134.0,101.0
110.0,140.0,102.0
109.0,138.0,102.0
109.0,131.0,103.0
109.0,130.0,104.0
109.0,130.0,104.0
109.0,130.0,104.0
109.0,130.0,104.0
109.0,131.0,103.0
109.0,147.0,104.0
110.0,143.0,105.0
109.0,148.0,105.0
109.0,147.0,104.0
109.0,136.0,107.0
109.0,140.0,109.0
109.0,140.0,111.0
107.0,148.0,112.0
108.0,162.0,112.0
108.0,165.0,113.0
108.0,167.0,110.0
110.0,138.0,107.0
108.0,142.0,106.0
108.0,145.0,104.0
108.0,146.0,103.0
108.0,146.0,103.0
109.0,142.0,99.0
110.0,139.0,101.0
110.0,130.0,100.0
110.0,136.0,103.0
109.0,138.0,105.0
110.0,138.0,107.0
110.0,132.0,106.0
109.0,138.0,105.0
110.0,136.0,103.0
109.0,141.0,103.0
110.0,146.0,101.0
109.0,144.0,101.0
109.0,138.0,105.0
108.0,145.0,107.0
108.0,150.0,109.0
109.0,153.0,110.0
108.0,158.0,110.0
108.0,165.0,110.0
108.0,168.0,111.0
110.0,140.0,106.0
108.0,143.0,105.0
108.0,143.0,105.0
108.0,145.0,104.0
108.0,146.0,103.0
109.0,140.0,100.0
110.0,140.0,100.0
110.0,130.0,100.0
110.0,138.0,102.0
109.0,140.0,104.0
110.0,140.0,106.0
110.0,134.0,105.0
109.0,138.0,105.0
110.0,135.0,104.0
109.0,141.0,103.0
110.0,148.0,100.0
109.0,147.0,99.0
109.0,144.0,101.0
108.0,150.0,104.0
108.0,155.0,105.0
109.0,156.0,108.0
108.0,161.0,108.0
108.0,166.0,109.0
108.0,171.0,109.0
108.0,130.0,102.0
108.0,135.0,102.0
107.0,141.0,103.0
108.0,147.0,104.0
110.0,144.0,103.0
109.0,141.0,103.0
109.0,135.0,100.0
109.0,134.0,101.0
108.0,136.0,101.0
109.0,136.0,103.0
109.0,143.0,107.0
108.0,142.0,106.0
109.0,140.0,104.0
109.0,133.0,102.0
109.0,143.0,102.0
110.0,146.0,101.0
109.0,147.0,99.0
110.0,148.0,100.0
109.0,151.0,101.0
110.0,157.0,104.0
108.0,155.0,105.0
109.0,157.0,107.0
108.0,162.0,107.0
108.0,170.0,105.0
108.0,127.0,104.0
108.0,134.0,103.0
107.0,140.0,104.0
108.0,147.0,104.0
110.0,142.0,104.0
109.0,143.0,102.0
109.0,135.0,100.0
109.0,134.0,101.0
108.0,136.0,101.0
109.0,138.0,102.0
109.0,147.0,104.0
108.0,146.0,103.0
109.0,140.0,104.0
109.0,133.0,102.0
109.0,143.0,102.0
110.0,146.0,101.0
109.0,145.0,100.0
110.0,148.0,100.0
109.0,153.0,100.0
110.0,158.0,103.0
108.0,155.0,105.0
109.0,159.0,106.0
108.0,164.0,106.0
108.0,172.0,104.0
110.0,126.0,103.0
110.0,135.0,104.0
108.0,143.0,105.0
110.0,144.0,103.0
109.0,149.0,103.0
108.0,148.0,102.0
107.0,144.0,101.0
107.0,144.0,101.0
109.0,140.0,100.0
109.0,139.0,101.0
109.0,139.0,101.0
110.0,145.0,102.0
107.0,144.0,101.0
108.0,149.0,103.0
109.0,150.0,102.0
108.0,153.0,102.0
108.0,150.0,100.0
110.0,147.0,97.0
110.0,152.0,97.0
109.0,156.0,100.0
109.0,157.0,101.0
108.0,167.0,104.0
109.0,169.0,107.0
108.0,170.0,102.0
110.0,125.0,104.0
110.0,134.0,105.0
108.0,145.0,104.0
110.0,142.0,104.0
109.0,149.0,103.0
108.0,148.0,102.0
107.0,145.0,100.0
107.0,147.0,99.0
109.0,143.0,98.0
109.0,142.0,99.0
109.0,140.0,100.0
110.0,146.0,101.0
107.0,147.0,99.0
108.0,151.0,101.0
109.0,151.0,101.0
108.0,156.0,100.0
108.0,154.0,98.0
110.0,147.0,97.0
110.0,152.0,97.0
109.0,157.0,99.0
109.0,157.0,101.0
108.0,168.0,103.0
109.0,172.0,105.0
108.0,172.0,101.0
110.0,133.0,107.0
110.0,140.0,106.0
109.0,141.0,103.0
110.0,144.0,103.0
109.0,143.0,102.0
109.0,144.0,101.0
109.0,142.0,99.0
109.0,142.0,99.0
109.0,145.0,100.0
110.0,142.0,99.0
110.0,142.0,99.0
109.0,147.0,99.0
109.0,145.0,97.0
108.0,150.0,100.0
109.0,157.0,101.0
108.0,154.0,98.0
109.0,151.0,96.0
108.0,157.0,96.0
109.0,151.0,93.0
109.0,151.0,96.0
108.0,159.0,98.0
108.0,162.0,101.0
109.0,166.0,103.0
107.0,170.0,99.0
110.0,139.0,103.0
110.0,144.0,103.0
109.0,143.0,102.0
110.0,145.0,102.0
109.0,145.0,100.0
109.0,145.0,100.0
109.0,142.0,99.0
109.0,142.0,99.0
109.0,147.0,99.0
110.0,142.0,99.0
110.0,143.0,98.0
109.0,148.0,98.0
109.0,146.0,96.0
108.0,154.0,98.0
109.0,158.0,100.0
108.0,157.0,96.0
109.0,153.0,95.0
108.0,158.0,95.0
109.0,149.0,94.0
109.0,153.0,95.0
108.0,164.0,95.0
108.0,167.0,98.0
109.0,166.0,103.0
107.0,170.0,99.0
108.0,131.0,101.0
109.0,134.0,101.0
110.0,139.0,103.0
110.0,140.0,100.0
110.0,134.0,97.0
110.0,134.0,97.0
108.0,137.0,97.0
109.0,138.0,98.0
109.0,139.0,97.0
110.0,134.0,97.0
110.0,137.0,95.0
110.0,137.0,95.0
109.0,142.0,95.0
109.0,150.0,97.0
109.0,156.0,98.0
110.0,152.0,97.0
110.0,154.0,96.0
109.0,159.0,96.0
110.0,156.0,95.0
110.0,156.0,95.0
110.0,156.0,95.0
109.0,161.0,98.0
109.0,167.0,101.0
107.0,170.0,99.0
108.0,133.0,100.0
109.0,134.0,101.0
110.0,140.0,102.0
110.0,140.0,100.0
110.0,133.0,98.0
110.0,131.0,99.0
108.0,135.0,98.0
109.0,139.0,97.0
109.0,141.0,96.0
110.0,135.0,96.0
110.0,135.0,96.0
110.0,137.0,95.0
109.0,142.0,95.0
109.0,150.0,97.0
109.0,155.0,99.0
110.0,152.0,97.0
110.0,157.0,94.0
109.0,163.0,94.0
110.0,157.0,94.0
110.0,156.0,95.0
110.0,156.0,95.0
109.0,165.0,96.0
109.0,172.0,98.0
107.0,175.0,96.0
109.0,125.0,98.0
110.0,131.0,99.0
110.0,131.0,99.0
109.0,137.0,99.0
108.0,137.0,97.0
108.0,137.0,97.0
108.0,138.0,96.0
108.0,140.0,95.0
110.0,137.0,95.0
108.0,138.0,96.0
108.0,138.0,96.0
108.0,140.0,95.0
108.0,141.0,94.0
109.0,141.0,96.0
110.0,149.0,99.0
109.0,150.0,97.0
109.0,147.0,92.0
110.0,151.0,93.0
110.0,157.0,94.0
108.0,160.0,94.0
108.0,163.0,94.0
109.0,165.0,94.0
110.0,170.0,96.0
109.0,168.0,94.0
109.0,125.0,98.0
110.0,130.0,100.0
110.0,131.0,99.0
109.0,138.0,98.0
108.0,135.0,98.0
108.0,137.0,97.0
108.0,138.0,96.0
108.0,138.0,96.0
110.0,135.0,96.0
108.0,138.0,96.0
108.0,138.0,96.0
108.0,138.0,96.0
108.0,138.0,96.0
109.0,141.0,96.0
110.0,154.0,96.0
109.0,151.0,96.0
109.0,144.0,94.0
110.0,151.0,93.0
110.0,157.0,94.0
108.0,162.0,93.0
108.0,165.0,93.0
109.0,167.0,93.0
110.0,175.0,93.0
109.0,172.0,92.0
110.0,128.0,100.0
110.0,130.0,100.0
111.0,135.0,100.0
110.0,133.0,98.0
109.0,129.0,95.0
108.0,137.0,97.0
109.0,138.0,98.0
109.0,139.0,97.0
110.0,143.0,98.0
109.0,148.0,98.0
109.0,148.0,98.0
109.0,147.0,99.0
109.0,145.0,97.0
109.0,141.0,96.0
110.0,138.0,94.0
110.0,141.0,92.0
110.0,149.0,94.0
109.0,155.0,94.0
109.0,156.0,93.0
109.0,156.0,90.0
107.0,161.0,90.0
109.0,161.0,90.0
109.0,165.0,88.0
110.0,168.0,88.0
110.0,128.0,100.0
110.0,130.0,100.0
111.0,135.0,100.0
110.0,133.0,98.0
109.0,128.0,96.0
108.0,138.0,96.0
109.0,139.0,97.0
109.0,141.0,96.0
110.0,146.0,96.0
109.0,153.0,95.0
109.0,151.0,96.0
109.0,151.0,96.0
109.0,148.0,95.0
109.0,144.0,94.0
110.0,140.0,93.0
110.0,141.0,92.0
110.0,152.0,92.0
109.0,158.0,92.0
109.0,160.0,91.0
109.0,158.0,89.0
107.0,163.0,89.0
109.0,163.0,89.0
109.0,169.0,86.0
110.0,172.0,86.0
109.0,126.0,97.0
110.0,130.0,100.0
110.0,133.0,98.0
110.0,133.0,96.0
110.0,134.0,97.0
109.0,139.0,97.0
109.0,141.0,96.0
109.0,141.0,96.0
110.0,146.0,96.0
109.0,151.0,96.0
109.0,151.0,96.0
109.0,149.0,94.0
109.0,145.0,93.0
108.0,146.0,91.0
108.0,151.0,91.0
109.0,152.0,92.0
110.0,146.0,89.0
110.0,156.0,90.0
110.0,159.0,90.0
109.0,163.0,89.0
109.0,157.0,86.0
109.0,159.0,85.0
109.0,163.0,83.0
107.0,159.0,80.0
109.0,124.0,99.0
110.0,131.0,99.0
110.0,133.0,98.0
110.0,133.0,96.0
110.0,137.0,95.0
109.0,144.0,94.0
109.0,144.0,94.0
109.0,142.0,95.0
110.0,148.0,95.0
109.0,153.0,95.0
109.0,153.0,95.0
109.0,151.0,93.0
109.0,147.0,92.0
108.0,146.0,91.0
108.0,153.0,90.0
109.0,156.0,90.0
110.0,148.0,88.0
110.0,158.0,89.0
110.0,160.0,89.0
109.0,167.0,87.0
109.0,161.0,84.0
109.0,161.0,84.0
109.0,163.0,83.0
107.0,159.0,80.0
111.0,130.0,98.0
110.0,129.0,97.0
110.0,133.0,96.0
108.0,138.0,96.0
110.0,137.0,95.0
109.0,142.0,95.0
110.0,137.0,93.0
110.0,138.0,94.0
109.0,145.0,93.0
110.0,148.0,95.0
109.0,153.0,95.0
108.0,160.0,94.0
108.0,162.0,93.0
108.0,164.0,92.0
109.0,160.0,91.0
109.0,161.0,90.0
110.0,164.0,90.0
110.0,166.0,89.0
109.0,172.0,89.0
108.0,173.0,87.0
109.0,165.0,82.0
109.0,171.0,85.0
109.0,173.0,84.0
109.0,171.0,82.0
111.0,131.0,97.0
110.0,130.0,96.0
110.0,134.0,95.0
108.0,140.0,95.0
110.0,135.0,96.0
109.0,142.0,95.0
110.0,139.0,92.0
110.0,141.0,92.0
109.0,149.0,91.0
110.0,151.0,93.0
109.0,158.0,92.0
108.0,165.0,91.0
108.0,165.0,91.0
108.0,167.0,90.0
109.0,163.0,89.0
109.0,165.0,88.0
110.0,168.0,88.0
110.0,170.0,87.0
109.0,178.0,86.0
108.0,177.0,85.0
109.0,165.0,82.0
109.0,177.0,82.0
109.0,177.0,82.0
109.0,178.0,79.0
110.0,130.0,96.0
110.0,132.0,95.0
109.0,132.0,93.0
108.0,140.0,95.0
109.0,146.0,96.0
109.0,144.0,94.0
109.0,147.0,92.0
110.0,143.0,91.0
110.0,144.0,90.0
109.0,150.0,90.0
109.0,156.0,90.0
109.0,158.0,89.0
109.0,160.0,91.0
108.0,169.0,89.0
110.0,166.0,89.0
109.0,167.0,87.0
110.0,172.0,86.0
109.0,173.0,84.0
110.0,176.0,84.0
108.0,181.0,83.0
109.0,182.0,84.0
108.0,186.0,81.0
108.0,188.0,80.0
109.0,189.0,81.0
110.0,136.0,92.0
110.0,134.0,93.0
109.0,133.0,92.0
108.0,143.0,93.0
109.0,151.0,93.0
109.0,147.0,92.0
109.0,149.0,91.0
110.0,144.0,90.0
110.0,146.0,89.0
109.0,154.0,88.0
109.0,159.0,88.0
109.0,161.0,87.0
109.0,165.0,88.0
108.0,173.0,87.0
110.0,170.0,87.0
109.0,171.0,85.0
110.0,176.0,84.0
109.0,177.0,82.0
110.0,178.0,83.0
108.0,186.0,81.0
109.0,191.0,80.0
108.0,193.0,78.0
108.0,195.0,77.0
109.0,199.0,77.0
109.0,135.0,89.0
109.0,135.0,89.0
110.0,140.0,91.0
110.0,139.0,92.0
110.0,142.0,90.0
110.0,144.0,90.0
110.0,146.0,89.0
110.0,146.0,89.0
109.0,159.0,88.0
109.0,167.0,87.0
109.0,161.0,84.0
109.0,161.0,84.0
110.0,170.0,87.0
108.0,175.0,86.0
108.0,177.0,85.0
109.0,175.0,83.0
109.0,179.0,81.0
109.0,187.0,82.0
109.0,187.0,83.0
109.0,189.0,81.0
109.0,186.0,78.0
109.0,187.0,75.0
109.0,192.0,73.0
107.0,199.0,73.0
109.0,136.0,88.0
109.0,136.0,88.0
110.0,143.0,89.0
110.0,143.0,89.0
110.0,143.0,89.0
110.0,146.0,89.0
110.0,146.0,89.0
110.0,148.0,88.0
109.0,161.0,87.0
109.0,169.0,86.0
109.0,163.0,83.0
109.0,163.0,83.0
110.0,174.0,85.0
108.0,179.0,84.0
108.0,181.0,83.0
109.0,177.0,82.0
109.0,179.0,81.0
109.0,194.0,79.0
109.0,197.0,79.0
109.0,199.0,77.0
109.0,196.0,74.0
109.0,198.0,71.0
109.0,200.0,70.0
107.0,217.0,67.0
